> HSA Genscript
 %Min windows = 52% of gene
 Largest magnitude %Min = -51 at codon 407 
[codon window], [value], [random reverse translation average]
1, -11.91, 25.51305
2, -9.88, 23.52265
3, -5.47, 23.4875
4, 5.89, 26.0044
5, -4.88, 26.74795
6, -6.88, 26.869
7, -5.84, 26.5419
8, -7.81, 25.3153
9, -5.14, 26.8875
10, -2.17, 25.6686
11, -3.17, 27.00955
12, -9, 27.1628
13, -5.73, 27.50875
14, -1.21, 27.74745
15, -16.4, 26.8673
16, -15.96, 27.469
17, -10.52, 28.42565
18, -13.39, 29.67485
19, -13.39, 29.65925
20, -18.73, 29.3269
21, -37.46, 27.69875
22, -29.92, 27.54295
23, -27.41, 27.2588
24, -21.22, 28.0463
25, -20.37, 27.34705
26, -30.01, 24.8908
27, -29.16, 24.90365
28, -27.24, 22.51835
29, -21.95, 21.9177
30, -8.51, 22.8373
31, -13.85, 23.1181
32, -10.55, 22.22565
33, 0.42, 23.22895
34, -3.87, 22.5182
35, 9.2, 20.89995
36, 9.1, 21.2211
37, 8.99, 22.2943
38, 23.25, 24.70345
39, 25.46, 24.7638
40, 33.76, 24.62305
41, 28.78, 25.14505
42, 19.49, 27.07025
43, 29.59, 26.9986
44, 29.59, 26.8905
45, 25.05, 27.4367
46, 32.1, 27.93525
47, 23.97, 27.4637
48, 25.2, 26.51155
49, 16.79, 26.44195
50, 5.52, 25.33165
51, 7.16, 25.9844
52, 12.66, 25.3309
53, 12.74, 25.1573
54, 24.71, 26.1282
55, 19.51, 24.125
56, 17.37, 23.6998
57, 8.03, 24.6118
58, 11.33, 24.22195
59, 23.28, 22.4769
60, 27.72, 22.90565
61, 24.96, 25.1339
62, 24.67, 25.3411
63, 30.16, 25.3867
64, 26.02, 26.57355
65, 30.82, 26.64035
66, 32.59, 26.7943
67, 34.37, 26.86595
68, 36.6, 27.6247
69, 31.27, 28.26605
70, 30.35, 28.4473
71, 12.65, 28.8439
72, 12.65, 28.13085
73, 12.47, 28.37555
74, 16.94, 28.7649
75, 23.99, 30.6905
76, 23.41, 30.4432
77, 19.32, 30.5041
78, 25.57, 28.6566
79, 21.92, 30.03755
80, 4.38, 30.67005
81, 4.38, 30.77465
82, -0.84, 31.75975
83, 3.54, 31.1739
84, 4.17, 31.2305
85, -3.33, 29.92845
86, -15.49, 29.7321
87, -8.99, 29.4312
88, 7.26, 27.48565
89, -0.8, 28.4628
90, 3.09, 28.40895
91, -0.73, 27.9209
92, -20, 24.7208
93, -26.43, 27.33815
94, -33.87, 28.22315
95, -45.63, 28.05045
96, -45.63, 27.09765
97, -39.55, 29.9139
98, -9.56, 27.2091
99, -9.3, 27.1891
100, -10.01, 29.01965
101, -6.09, 30.47035
102, 0.62, 30.17745
103, 13.59, 30.44
104, 13.81, 30.3435
105, 9.06, 29.41945
106, 10.65, 29.66485
107, 8.43, 29.8699
108, 11.58, 30.10045
109, 1.64, 30.7109
110, 8.3, 29.1894
111, 6.72, 29.22295
112, 7.58, 29.3505
113, 11.07, 28.64655
114, 15.95, 26.08815
115, 6.7, 25.89885
116, 16.24, 25.3848
117, 21.79, 23.44255
118, 14.93, 21.27765
119, 8.76, 21.41265
120, -1.01, 19.76105
121, -9.75, 19.40015
122, -16.06, 20.0655
123, -17.3, 20.10945
124, -24.57, 19.0163
125, -36.05, 20.09835
126, -3.01, 20.80835
127, -5.58, 23.18885
128, -3.74, 25.57285
129, 2.84, 25.7804
130, 7.08, 26.9735
131, 2.7, 27.3693
132, -3.56, 28.18155
133, -13.68, 28.6874
134, -11.06, 30.82395
135, -19.59, 32.9825
136, -11.85, 33.05015
137, -13.65, 32.53165
138, -11.74, 31.48985
139, -5.39, 32.31385
140, -2.3, 32.1709
141, -10.09, 33.8221
142, -2.88, 33.35435
143, -23.81, 33.2866
144, -23.23, 32.7037
145, -26.52, 30.9003
146, -24.32, 32.697
147, -14.24, 33.2171
148, -11.17, 33.09495
149, -8.45, 32.66205
150, -13.2, 32.2294
151, -15.37, 30.69785
152, -9.87, 29.47045
153, -19.69, 29.41265
154, -19.45, 30.79335
155, -31.15, 32.3809
156, -33.3, 31.90525
157, -33.08, 31.7004
158, -21.85, 31.13605
159, -18.97, 32.40285
160, -13.3, 31.199
161, -13.79, 30.7244
162, 1.17, 30.2408
163, -5.39, 29.75735
164, -16.2, 27.87135
165, -16.98, 27.5105
166, -22.24, 27.08935
167, -14.54, 27.4018
168, -12.42, 26.47765
169, 0.23, 27.52375
170, 0.04, 27.30595
171, 3.52, 26.24805
172, 7.43, 26.8647
173, 12.31, 27.10475
174, 10.5, 27.9505
175, 18.14, 27.28865
176, 14.73, 25.9597
177, 5.13, 27.1781
178, 4.62, 26.8432
179, -3.84, 27.20365
180, 2.34, 27.88455
181, -3.58, 27.03185
182, -5.52, 27.3336
183, 0.65, 27.9208
184, 6.4, 28.8179
185, 7.62, 29.1127
186, -9.76, 27.90575
187, -1.01, 28.5238
188, -6.83, 28.56765
189, -2.49, 27.26885
190, 4.55, 28.24685
191, 7.62, 27.56505
192, -5.23, 28.80345
193, 0.38, 30.2823
194, 8.57, 28.9725
195, 8.57, 29.1621
196, 14.07, 30.2847
197, 15.6, 28.81525
198, 30.91, 32.446
199, 29.41, 32.36235
200, 17.23, 33.1166
201, 7.88, 33.9905
202, 6.64, 34.4224
203, 8.17, 34.22625
204, 1.68, 33.92255
205, 2.79, 35.01505
206, 2.79, 34.83325
207, -10.48, 35.6795
208, -12.87, 35.57845
209, 2.83, 35.41155
210, 0.7, 34.47565
211, 0.7, 34.53965
212, 2.26, 35.33005
213, -4.92, 34.352
214, -7.97, 32.94515
215, -10.6, 31.67475
216, -11.84, 31.4247
217, -0.35, 29.58175
218, -6.11, 27.0489
219, -14.12, 27.0678
220, -2.6, 26.7826
221, 0.68, 26.2954
222, 6.9, 24.70045
223, 9.67, 24.89795
224, 8.31, 23.8817
225, 7.93, 23.9437
226, -10.22, 23.1035
227, -1.7, 22.56025
228, 1.32, 22.79005
229, 2.43, 21.0396
230, 0.09, 21.1136
231, 7.03, 22.81165
232, 2.43, 21.66255
233, 2.84, 22.69655
234, 2.35, 23.4383
235, 4.08, 23.1402
236, 13, 22.9549
237, 7.25, 25.89185
238, 4.49, 26.16155
239, 1.5, 25.68025
240, -3.57, 27.29825
241, 1.62, 27.08755
242, 4.44, 26.6657
243, 3.96, 25.7107
244, 1.03, 27.25345
245, -2.03, 27.03875
246, -2.6, 26.81065
247, 4.35, 27.4272
248, 0.22, 27.1309
249, -0.35, 27.1185
250, -0.08, 27.057
251, 4.98, 26.81635
252, 12.99, 27.0798
253, 19.27, 26.7508
254, 19.52, 25.15275
255, 21.45, 25.50125
256, 11.98, 25.35515
257, 17.07, 23.63045
258, 30.18, 22.3086
259, 28.45, 22.47765
260, 35.32, 22.10025
261, 37.19, 20.3825
262, 37.58, 20.5989
263, 31.12, 20.6068
264, 20.34, 18.9835
265, 13.15, 20.99015
266, 3.01, 21.3448
267, 2.91, 21.16435
268, 2.6, 20.5968
269, 0.19, 20.98255
270, -10.49, 21.56035
271, -11.88, 20.86905
272, -13.06, 20.5456
273, 7.27, 21.1053
274, 3.94, 24.48085
275, -8.37, 25.0828
276, -11.52, 25.8071
277, -11.52, 26.23025
278, -10.62, 26.03385
279, -13.91, 26.1079
280, -13.91, 26.4402
281, -11.97, 26.7324
282, -8.64, 27.1617
283, -1.86, 29.70515
284, 3.79, 31.0133
285, -6.4, 29.77415
286, -3.46, 30.6603
287, -6.2, 30.70055
288, 8.46, 28.94065
289, 8.25, 30.6558
290, -0.04, 32.96285
291, -3.6, 30.78235
292, -9.27, 30.87745
293, -9.27, 30.21865
294, -1.41, 29.96325
295, 1.33, 29.86285
296, 6.3, 29.59895
297, 5.77, 29.1885
298, 12.64, 28.66215
299, 15.17, 27.4277
300, 14.6, 25.6498
301, 11.89, 25.70615
302, 18.95, 26.7209
303, 25.13, 27.4566
304, 31.44, 26.8936
305, 29.79, 29.83395
306, 35.97, 27.1618
307, 34.84, 22.90165
308, 48.82, 23.04225
309, 52.43, 22.9468
310, 66.26, 23.3308
311, 62.43, 25.45225
312, 66.4, 25.3339
313, 66.35, 25.40365
314, 64.24, 24.41975
315, 58.56, 24.48255
316, 54.61, 24.0206
317, 55.94, 24.2597
318, 48.41, 25.78355
319, 42.61, 27.50825
320, 32.27, 27.6478
321, 28.47, 27.7396
322, 25.29, 27.8509
323, 27.13, 27.11115
324, 33.13, 27.57465
325, 32.86, 27.90885
326, 24.17, 27.8829
327, 21.32, 28.03765
328, 16.83, 27.03585
329, 14.2, 27.4074
330, 6.35, 27.2115
331, 15.19, 29.304
332, 11.33, 28.8692
333, 6.17, 29.76365
334, 7.84, 29.47165
335, 13.45, 28.90645
336, 15.36, 27.7097
337, 13.51, 26.21945
338, 13.98, 26.24225
339, 14.33, 25.1977
340, 9.88, 25.4698
341, 6.63, 25.7326
342, 1.76, 25.45895
343, 6.91, 25.76385
344, 0.95, 25.9628
345, 1.42, 26.65035
346, 1.51, 27.70715
347, 8.04, 29.4051
348, -6.27, 28.07265
349, -8.25, 30.0575
350, 4.11, 29.096
351, 6.05, 29.3351
352, -3.28, 29.54585
353, -5.5, 29.69775
354, 10.34, 30.06525
355, 8.87, 30.0684
356, 11.1, 30.43205
357, 11.98, 31.32355
358, 21.3, 30.58055
359, 14.61, 30.4157
360, 11.13, 30.00615
361, 7.48, 29.8061
362, 12.08, 30.71925
363, 28.77, 28.16535
364, 22.43, 25.68665
365, 23.33, 25.97795
366, 36.99, 23.17475
367, 25.56, 24.8429
368, 25.86, 25.3296
369, 26.98, 25.10105
370, 19.66, 24.8213
371, 7.26, 24.98695
372, 10.82, 25.1257
373, -4.54, 24.34565
374, -1.43, 24.644
375, -9.91, 24.9919
376, -9.91, 25.39475
377, -7.6, 25.8688
378, -3.22, 25.6648
379, -3.6, 24.0718
380, -17.86, 24.1302
381, -20.24, 23.59355
382, -24.64, 25.5903
383, -24.64, 25.72315
384, -18.48, 24.1071
385, -27.81, 23.68155
386, -24.08, 23.7257
387, -11.69, 23.66345
388, -12.74, 22.2012
389, 3, 24.8802
390, 22.4, 24.5873
391, 11.66, 24.5397
392, 9.17, 24.55145
393, 7.93, 26.426
394, 8.4, 26.3078
395, 0.16, 26.94175
396, -6.77, 26.2659
397, -14.66, 26.0142
398, -6.23, 27.4046
399, 7.11, 27.82185
400, -0.84, 28.4356
401, -0.84, 28.1024
402, -5.58, 27.397
403, -15.35, 27.29005
404, -15.1, 28.65505
405, -13.7, 28.2559
406, -34.63, 27.32025
407, -51.74, 28.08605
408, -49.65, 28.23625
409, -49.65, 28.0647
410, -41.16, 26.31895
411, -25.79, 27.9668
412, -18.44, 27.7293
413, -15.55, 27.6975
414, -18.79, 28.77145
415, -20.33, 28.47125
416, -28.44, 26.5926
417, -29.13, 27.56745
418, -26.83, 27.2633
419, -20.08, 27.82685
420, -14.77, 28.1605
421, -18.71, 27.17035
422, -21.86, 27.4085
423, -14.82, 27.29805
424, -3.64, 27.5255
425, -3.64, 27.75545
426, -13.35, 29.3456
427, -14.93, 29.54925
428, -37.09, 28.4839
429, -38.46, 28.5974
430, -29.13, 31.19655
431, -25.26, 30.2571
432, -34.63, 31.5891
433, -25.6, 32.15425
434, -24.77, 29.88145
435, -29.94, 31.1796
436, -30.18, 29.41225
437, -34.35, 28.8044
438, -35.78, 27.42605
439, -38.72, 27.33255
440, -35.66, 26.55915
441, -45.67, 25.7649
442, -45.9, 25.47445
443, -35.21, 23.50545
444, -35.63, 23.9051
445, -31, 22.3859
446, -12.38, 22.3608
447, -20.02, 20.6397
448, -22.19, 20.268
449, -12.55, 18.06785
450, -17.27, 18.7279
451, -16.41, 20.4722
452, -2.88, 20.6366
453, -4.24, 20.7623
454, -2.47, 20.1006
455, -1.67, 22.86
456, -1.67, 21.9903
457, 5.97, 22.6714
458, 6.78, 22.7277
459, 9.2, 23.10625
460, 12.7, 23.805
461, 10.89, 24.78345
462, 8.84, 25.2252
463, -13.8, 25.75465
464, -15.44, 25.39485
465, 0.8, 24.667
466, 2.92, 25.0208
467, -0.95, 26.1724
468, 2.61, 26.29275
469, 0.23, 27.70515
470, 2.63, 28.38415
471, 8.04, 28.72095
472, 3.35, 26.96665
473, 8.59, 29.97325
474, 1.71, 28.9886
475, -4.32, 28.5613
476, -6.29, 28.08125
477, -12.8, 27.50565
478, -9.17, 26.34365
479, -12.81, 26.63785
480, -5.58, 26.7673
481, -11.3, 27.3284
482, -14.81, 29.52065
483, -13.39, 29.3531
484, -12.59, 28.1532
485, -10.99, 26.3893
486, -20.2, 25.0185
487, -19.18, 26.21745
488, -25, 26.1341
489, -26.49, 25.9093
490, -32.35, 23.32115
491, -32.72, 24.3432
492, -30.75, 24.67235
493, -26.1, 24.8421
494, -32.46, 27.6249
495, -31.39, 28.24535
496, -32.42, 29.22125
497, -31.53, 29.2515
498, -23.72, 30.06
499, -14.8, 27.173
500, -22.98, 27.3632
501, -14.21, 27.13275
502, -14.01, 27.01445
503, -18.56, 26.79715
504, -23.57, 27.4706
505, -13.97, 27.9527
506, 4.97, 28.3974
507, 4.82, 28.46105
508, 7.24, 28.04525
509, 4.55, 28.29075
510, 3.39, 28.538
511, 14.04, 28.357
512, 8.76, 26.8865
513, 11.29, 26.00435
514, 12.99, 25.5144
515, 6.1, 24.5976
516, -10.84, 25.36075
517, -6.4, 25.02955
518, -12.76, 25.0871
519, -17.03, 25.2519
520, -3.89, 26.52355
521, -3.06, 24.4021
522, -19.95, 24.64195
523, -31.53, 24.60595
524, -27.53, 24.7371
525, -33.09, 24.1944
526, -33.09, 24.0375
527, -33.77, 24.2894
528, -40.36, 22.632
529, -39.27, 24.96425
530, -36.7, 25.23455
531, -43.16, 25.7608
532, -29.36, 25.7745
533, -19.55, 24.92455
534, -15.18, 24.68455
535, -24.9, 26.94995
536, -32.26, 29.20535
537, -43.49, 28.32655
538, -29.34, 27.7336
539, -23.4, 26.9266
540, -22.4, 26.1558
541, -26.5, 26.3401
542, -24.35, 27.36215
543, -17.35, 27.2456
544, -15.52, 28.53225
545, -18.27, 28.201
546, -24.53, 27.1116
547, -18.69, 26.56655
548, -12.72, 25.3732
549, -17.55, 26.7659
550, -26.08, 27.9283
551, -30.33, 28.14145
552, -0.32, 28.22725
553, 19.85, 24.81575
554, 16.38, 24.1871
555, -7.45, 27.22255
556, -4.78, 27.2194
557, -4.78, 27.19725
558, -2.67, 27.3726
559, -1.92, 27.2282
560, -4.67, 29.67935
561, -4.67, 29.8988
562, 8.81, 29.3834
563, 9.08, 29.1874
564, -2.87, 30.84115
565, 3.84, 32.0791
566, 2.71, 31.2843
567, -2.5, 31.22035


