> HerHC-Genscript
 %Min windows = 58% of gene
 Largest magnitude %Min = -56 at codon 299 
[codon window], [value], [random reverse translation average]
1, 1.75, 27.48295
2, -6.79, 28.6348
3, -9.65, 28.07135
4, -8.3, 27.90935
5, -2.05, 28.2872
6, 0.41, 29.1574
7, -10.67, 31.1246
8, -19.38, 30.2627
9, -24.35, 29.8327
10, -19.99, 29.0098
11, -21.06, 29.735
12, -16.27, 30.06845
13, -11.01, 30.1063
14, -22.28, 28.86
15, -9.28, 27.5765
16, -0.51, 26.72935
17, -18.99, 27.2967
18, -37.09, 28.2338
19, -38.67, 26.7628
20, -37.15, 26.9444
21, -30.97, 29.1012
22, -36.63, 28.81115
23, -22.01, 28.7107
24, -4.61, 27.579
25, 11.93, 29.45215
26, 6.75, 29.0876
27, 1.95, 30.41375
28, -2.31, 30.24685
29, 2.51, 29.55655
30, 0.92, 29.9376
31, -0.11, 30.85965
32, -21.04, 31.21875
33, -26.21, 33.2078
34, -6.58, 32.5494
35, -6.29, 32.56095
36, -1.82, 33.37275
37, 8.46, 33.75415
38, 10.11, 33.0738
39, 8.25, 34.0526
40, -2.32, 33.31015
41, 1.16, 32.67945
42, -9.79, 32.4148
43, -8.97, 32.50475
44, -14.42, 31.74425
45, -4.29, 31.6961
46, -9.89, 30.97795
47, -12.88, 30.6233
48, -5.38, 30.48515
49, -2.04, 31.19015
50, 12.67, 30.2448
51, 6.2, 30.45065
52, 6.93, 31.1296
53, 2.47, 30.05425
54, -6.66, 29.70035
55, -6.26, 30.3982
56, 3.4, 28.9453
57, 4.17, 29.44295
58, -8.01, 29.42685
59, -10.02, 28.26805
60, -9.79, 28.26675
61, 1.1, 27.58375
62, -4.07, 28.6269
63, -3.97, 29.36835
64, 11.26, 28.7909
65, 12.99, 28.70015
66, 21.17, 28.03665
67, 12.59, 26.345
68, 5.06, 26.7861
69, 4.18, 25.845
70, 2.83, 27.3418
71, -6.98, 28.522
72, -12.53, 27.03465
73, -12.53, 27.2721
74, -13.28, 26.99025
75, 5.39, 28.546
76, 3.74, 28.63515
77, 3.54, 28.5429
78, 4.86, 28.74015
79, 7.57, 28.084
80, 8.82, 27.7695
81, -10.4, 30.7792
82, -16.43, 31.1681
83, -24.38, 31.75185
84, -18.81, 32.419
85, -17.71, 32.05025
86, -26.02, 33.899
87, -25.83, 32.30805
88, -16.1, 32.033
89, -23.34, 34.2421
90, -30.17, 35.06655
91, -25.09, 34.30875
92, -44.74, 32.6902
93, -43.29, 33.33385
94, -23, 35.1301
95, -17.53, 34.697
96, -25.57, 35.2667
97, -26.99, 35.7518
98, -21.67, 32.87895
99, -24.12, 31.7408
100, -14.85, 31.1832
101, -21.22, 29.96755
102, -17.18, 30.1058
103, -6.79, 27.15155
104, -5.38, 28.6551
105, -3, 28.2739
106, 6.18, 26.905
107, 7.47, 26.61265
108, 6.87, 28.91635
109, 2.9, 29.58415
110, 4.3, 28.9536
111, -6.26, 26.722
112, -11.78, 26.81345
113, -10.22, 27.42175
114, -10.79, 27.2768
115, 0.76, 28.62535
116, -2.02, 30.1662
117, -7.5, 29.70925
118, -5.54, 29.7146
119, -2.91, 29.6564
120, -1.75, 30.33605
121, -8.12, 29.6218
122, -6.92, 29.1
123, -2.58, 29.5233
124, 3.81, 30.5335
125, 6.28, 29.2461
126, 9.19, 29.0676
127, 6.86, 30.5979
128, 18.07, 31.1418
129, 13.16, 32.23795
130, 17.24, 31.2468
131, 12.97, 30.9094
132, 12.01, 29.87635
133, 15.77, 28.76135
134, 23.38, 28.9243
135, 23.31, 28.9386
136, 20.85, 29.01725
137, 16.36, 30.35415
138, 25.5, 29.84755
139, 29.61, 31.8331
140, 23.73, 31.24105
141, 16.41, 30.548
142, 9.39, 30.0557
143, 4.4, 29.4621
144, 5.67, 28.26705
145, -9.38, 28.70095
146, -6.44, 26.55245
147, 3.52, 28.49465
148, 11.29, 30.4971
149, -6.8, 29.2614
150, -4.82, 29.74285
151, 0.59, 28.81915
152, -6.46, 30.0021
153, 3.78, 29.781
154, 8.04, 29.1452
155, 10.53, 29.6289
156, 6.89, 28.5141
157, 4.4, 29.4238
158, 3.35, 30.2099
159, -0.14, 30.975
160, 0.75, 30.48535
161, 3.71, 30.5702
162, -1.36, 29.9407
163, 3.59, 30.1357
164, -11.35, 29.86075
165, -12.27, 28.5395
166, -4.55, 29.1922
167, -9.99, 29.0137
168, -19.64, 29.93965
169, -2.38, 28.6272
170, -2.79, 28.88545
171, 3.86, 28.8425
172, -4.86, 28.4431
173, -5.84, 28.7312
174, -2.74, 28.2545
175, 1.25, 28.3037
176, 6.24, 27.78585
177, 8.73, 28.17395
178, 6.53, 28.07215
179, 9.39, 28.22885
180, 5.06, 28.98485
181, 10.27, 28.1218
182, 13.8, 29.01
183, 7.96, 29.4446
184, 12.88, 29.2821
185, 7.68, 29.4004
186, 2.31, 29.81565
187, -7.4, 29.8925
188, -21.39, 29.4537
189, -17.99, 29.68225
190, -21.1, 29.49145
191, -20.08, 28.84495
192, -30.22, 27.9219
193, -21.33, 28.00655
194, -22.11, 27.8037
195, -32.82, 27.7882
196, -31.65, 28.02715
197, -9.51, 26.878
198, -17.17, 25.4027
199, -21.67, 24.3192
200, -7.81, 22.7052
201, -9.43, 24.4652
202, -2.56, 22.7088
203, -10.69, 24.46865
204, -12.03, 24.2016
205, -15.35, 23.6902
206, -14.06, 23.9664
207, -5.68, 23.67965
208, -5.68, 23.6867
209, -10, 23.42315
210, -22.62, 23.1477
211, -29.41, 24.30185
212, -23.48, 24.1044
213, -18.93, 26.43215
214, -40.52, 27.0761
215, -38.14, 28.3692
216, -29.15, 30.11765
217, -40.75, 31.4834
218, -36.98, 31.72955
219, -36.98, 31.9058
220, -31.86, 30.0236
221, -28.92, 30.53305
222, -28.52, 32.78125
223, -34.19, 33.92125
224, -41.93, 35.643
225, -29.53, 34.93895
226, -26.18, 33.8691
227, -28.85, 33.91335
228, -26.31, 32.847
229, -23.28, 32.6236
230, -23.28, 32.4848
231, -10.16, 32.5309
232, -7, 32.38095
233, -20.09, 32.5037
234, -8.48, 31.75765
235, -17.82, 30.92115
236, -13.57, 31.68625
237, -21.35, 30.7707
238, -22.08, 30.72455
239, -4.47, 29.302
240, -4.32, 27.25325
241, -2.55, 27.42475
242, -13.96, 28.22575
243, -14.65, 30.2897
244, -8.23, 29.94495
245, -4.07, 29.8103
246, -5.26, 29.92275
247, -11.83, 29.03545
248, -8.5, 28.15915
249, 0.63, 28.201
250, 5.19, 26.40305
251, 0.24, 26.6036
252, 2.81, 27.6012
253, -1.74, 26.87345
254, 5.93, 27.9927
255, 8.76, 27.6592
256, -3.45, 26.9574
257, -4.61, 28.32905
258, -6.14, 26.0261
259, -12.5, 25.82035
260, -10.25, 24.43185
261, -17.68, 24.5695
262, -16.45, 24.9062
263, -18.77, 24.57675
264, -15.02, 24.36235
265, -15.02, 24.1462
266, -24.09, 23.19975
267, -15.33, 25.75885
268, -16.74, 25.4466
269, -9.66, 22.9231
270, 11.37, 22.71605
271, 11.37, 22.52645
272, 7.95, 22.6913
273, 12.87, 26.20705
274, 24.04, 24.0994
275, 36.17, 25.24725
276, 49.39, 24.78455
277, 43.45, 26.252
278, 35.64, 28.3369
279, 29.77, 27.87515
280, 32.45, 27.41255
281, 26.47, 26.9852
282, 19.48, 26.77675
283, 16.17, 27.34485
284, 5.38, 25.92185
285, 20.39, 25.79865
286, 17.71, 26.9077
287, 0.8, 29.6561
288, -5.44, 28.8128
289, -10.44, 28.04535
290, -13.54, 25.79745
291, -22.54, 26.1333
292, -32.55, 25.9471
293, -41.53, 26.93645
294, -43.9, 25.93055
295, -46.19, 23.80955
296, -44.47, 24.1342
297, -54.14, 24.30945
298, -54.29, 24.39345
299, -56.15, 24.5552
300, -36.42, 24.28085
301, -30.88, 23.9843
302, -34.77, 25.49135
303, -37.71, 25.4244
304, -37.36, 22.9644
305, -36.47, 23.13715
306, -36.15, 23.1226
307, -38.81, 23.43965
308, -35.31, 22.9441
309, -44.87, 22.3366
310, -43.65, 21.3334
311, -36.43, 21.0727
312, -29.22, 20.6831
313, -3.68, 23.19265
314, -4.48, 23.99875
315, 9.26, 25.62055
316, 7.31, 26.91785
317, -17.12, 29.0763
318, -5.18, 29.86615
319, -5.74, 27.70075
320, -5.74, 27.74925
321, -9.69, 29.02365
322, -17.11, 29.93295
323, -4.73, 29.5568
324, -1.35, 29.1634
325, 9.42, 30.60175
326, 13.21, 30.90885
327, 13.2, 32.62505
328, 15.61, 32.69435
329, 11.12, 33.81145
330, -1.74, 33.90555
331, 5.68, 34.0128
332, 3.26, 34.08065
333, 0.57, 33.3499
334, 1.6, 31.9793
335, -7.81, 31.2831
336, -3.46, 31.88115
337, 10.4, 31.03035
338, 22.21, 32.5762
339, 24.25, 32.92885
340, 11.2, 33.0112
341, 8.91, 33.5369
342, 3.53, 31.69435
343, 7.98, 31.5136
344, 8.61, 29.24085
345, 5.41, 29.36405
346, 12.39, 28.0257
347, 16.96, 27.0638
348, 17.21, 27.641
349, 12.53, 26.2108
350, 17.27, 26.1743
351, 20.28, 25.0536
352, 18.77, 25.7027
353, 12.64, 25.6687
354, 1.32, 24.8453
355, -6.99, 22.37765
356, 1.83, 20.8382
357, 14.4, 22.4851
358, 17.11, 20.90405
359, 12.83, 21.349
360, 15.14, 23.10585
361, 28.63, 23.1408
362, 25.08, 22.083
363, 20.97, 22.7965
364, 20.07, 24.528
365, 15.3, 24.4861
366, 13.82, 24.0142
367, 12.93, 24.13945
368, 11.53, 25.134
369, 5.58, 24.71315
370, 7.68, 24.51915
371, 0.68, 28.24125
372, 5.99, 29.31025
373, 10.65, 30.5966
374, -3.32, 28.4212
375, -6.23, 28.5784
376, -5.95, 28.66525
377, -14.28, 27.18375
378, -30.99, 27.26305
379, -33.72, 27.38555
380, -33.36, 27.7437
381, -45.99, 27.52095
382, -49.71, 28.7465
383, -44.56, 29.3624
384, -40.79, 29.4393
385, -30.08, 29.57755
386, -24.15, 30.44675
387, -18.6, 30.4897
388, 2.46, 29.38855
389, -3.48, 28.08815
390, -10.31, 26.78955
391, -7.76, 27.1945
392, -6.78, 27.44585
393, -4.77, 27.435
394, -6.99, 27.6723
395, -3.07, 27.5846
396, 3.29, 27.3171
397, 9.49, 27.7361
398, 22.13, 26.43605
399, 22.31, 25.4873
400, 23.21, 25.45985
401, 23.41, 24.61455
402, 28.09, 25.8765
403, 31.59, 25.07795
404, 31.42, 24.501
405, 19.88, 23.34355
406, 15.42, 26.3937
407, 13.34, 26.44025
408, 12.9, 26.9896
409, 16.49, 26.8099
410, 8.91, 26.5846
411, 12.32, 26.3799
412, 10.88, 27.09295
413, 6.48, 27.1458
414, -0.91, 26.29625
415, -19.2, 26.4313
416, -18.36, 26.7436
417, 2.27, 28.91995
418, 3.23, 28.82705
419, -14.34, 27.4709
420, -15.24, 27.2619
421, -20.33, 27.82225
422, -16.28, 27.6172
423, -18.75, 25.2711
424, -10.32, 25.3728
425, -6.49, 24.51035
426, -4.94, 25.00225
427, 18.06, 24.3486
428, 17.46, 24.6971
429, 11.07, 23.28865
430, 25.44, 23.6857
431, 27.46, 24.81975
432, 34.75, 26.4451


